 *****************************************
 *    Program for Analysis of Space Trusses    *
 *      School of Civil Engineering CSU      *
 *      2017.5.6 Designed By Duan Xiaoxu       *
 *****************************************
  
 *****************************************
 *************The Input Data****************
 *****************************************
      The General Information
  NF     NP     NE     NM     NR     NCF     ND
   3     12     25      1      4      6      2

      The Loading at Joints
  Joint     Fx(N)     Fy(N)       Fz(N)
    5    0.00    0.00-2000.00
    6    0.00    0.00-3000.00
    7    0.00    0.00-2000.00
    9    0.00    0.00-2000.00
   10    0.00    0.00-3000.00
   11    0.00    0.00-2000.00

      The Information of Joints
  Joint     X(mm)     Y(mm)     Z(mm)
    1     0.0     0.0     0.0
    2  8000.0     0.0     0.0
    3  8000.0  8000.0     0.0
    4     0.0  8000.0     0.0
    5     0.0     0.0  4000.0
    6  4000.0     0.0  4000.0
    7  8000.0     0.0  4000.0
    8  8000.0  4000.0  4000.0
    9  8000.0  8000.0  4000.0
   10  4000.0  8000.0  4000.0
   11     0.0  8000.0  4000.0
   12     0.0  4000.0  4000.0

      The Information of Members
  Member  START    END      NAE
   1       1       2       1
   2       2       3       1
   3       3       4       1
   4       1       4       1
   5       1       5       1
   6       1       6       1
   7       2       6       1
   8       2       7       1
   9       2       8       1
  10       3       8       1
  11       3       9       1
  12       3      10       1
  13       4      10       1
  14       4      11       1
  15       4      12       1
  16       1      12       1
  17       5       6       1
  18       6       7       1
  19       7       8       1
  20       8       9       1
  21       9      10       1
  22      10      11       1
  23      11      12       1
  24       5      12       1
  25       6      10       1

      The Information of SUPPORTS
  Joint     S
    1   0.111
    2   0.111
    3   0.111
    4   0.111

      The Information of Sections
    E0(MPa)        A0(mm^2)
   210000.0       2500.000    
  
 ****************************************
 *********The Results of Calculation**********
 ****************************************
      The Joint Displacement
  Joint      X(mm)        Y(mm)      Z(mm)
    1      0.00E+00    0.00E+00    0.00E+00
    2      0.00E+00    0.00E+00    0.00E+00
    3      0.00E+00    0.00E+00    0.00E+00
    4      0.00E+00    0.00E+00    0.00E+00
    5      0.00E+00    0.00E+00   -1.52E+01
    6      0.00E+00    0.00E+00   -3.23E+01
    7      0.00E+00    0.00E+00   -1.52E+01
    8      0.00E+00    0.00E+00    0.00E+00
    9      0.00E+00    0.00E+00   -1.52E+01
   10      0.00E+00    0.00E+00   -3.23E+01
   11      0.00E+00    0.00E+00   -1.52E+01
   12      0.00E+00    0.00E+00    0.00E+00


      The Terminal Forces
  Member      FN(N)      ¦Ò(MPa)
      1      0.00          0.00
      2      0.00          0.00
      3      0.00          0.00
      4      0.00          0.00
      5  -2000.00         -0.00
      6  -2121.32         -0.00
      7  -2121.32         -0.00
      8  -2000.00         -0.00
      9      0.00          0.00
     10      0.00          0.00
     11  -2000.00         -0.00
     12  -2121.32         -0.00
     13  -2121.32         -0.00
     14  -2000.00         -0.00
     15      0.00          0.00
     16      0.00          0.00
     17      0.00          0.00
     18      0.00          0.00
     19      0.00          0.00
     20      0.00          0.00
     21      0.00          0.00
     22      0.00          0.00
     23      0.00          0.00
     24      0.00          0.00
     25      0.00          0.00


      The Bearing Force
  Joint        Fx(N)        Fy(N)        Fz(N)
     1     1500.00      0.00   3500.00
     2    -1500.00      0.00   3500.00
     3    -1500.00      0.00   3500.00
     4     1500.00      0.00   3500.00
