3
6
11
1				
3				
2										
2																				
0	0	0								
1000	0	0								
1000	0	1000								
0	2000	0								
1000	2000	0								
1000	2000	1000																																																																																						
1	2	3	4	5	6	7	8	9	10	11										
1	1	2	2	1	2	2	3	4	4	5
2	4	4	5	3	3	6	6	5	6	6																				
1	1	1	1	1	1	1	1	1	1	1										
1	2	4								
0.111	0.111	0.111																		
270000										
2500																														
5	6									
-1000	0									
0	0									
0	-2000									
