3																								
12																								
25																								
1																								
4																								
6																								
2
0	0	0																						
8000	0	0																						
8000	8000	0																						
0	8000	0																						
0	0	4000																						
4000	0	4000																						
8000	0	4000																						
8000	4000	4000																						
8000	8000	4000																						
4000	8000	4000																						
0	8000	4000																						
0	4000	4000																						
1	2	3	4	5	6	7	8	9	10	11	12	13	14	15	16	17	18	19	20	21	22	23	24	25																								
1	2	3	1	1	1	2	2	2	3	3	3	4	4	4	1	5	6	7	8	9	10	11	5	6
2	3	4	4	5	6	6	7	8	8	9	10	10	11	12	12	6	7	8	9	10	11	12	12	10																																																
1	1	1	1	1	1	1	1	1	1	1	1	1	1	1	1	1	1	1	1	1	1	1	1	1					
1	2	3	4																					
0.111	0.111	0.111	0.111																					
210000																								
2500
5 6 7 9 10 11																			
0 0 0 0	0 0																			
0 0 0 0 0 0																			
-2000 -3000 -2000 -2000 -3000 -2000																			
