3                                                                       
9                                                                       
19                                                                      
1                                                                       
4                                                                       
3                                                                       
2                                                                       
                                                                        
0   0   0                                                               
2000    0   0                                                               
4000    0   0                                                               
4000    8000    0                                                               
2000    8000    0                                                               
0   8000    0                                                               
2000    0   2000                                                                
2000    4000    2000                                                                
2000    8000    2000                                                                
                                                                        
                                                                        
1   2   3   4   5   6   7   8   9   10  11  12  13  14  15  16  17  18  19
                                                                        
1   2   3   2   1   4   5   1   2   3   3   1   4   6   4   5   6   7   8
2   3   4   5   6   5   6   7   7   7   8   8   8   8   9   9   9   8   9
                                                                        
                                                                        
1   1   1   1   1   1   1   1   1   1   1   1   1   1   1   1   1   1   1
                                                                        
1   3   4   6                                                           
0.111   0.111   0.111   0.111                                                           
                                                                        
210000                                                                      
2500                                                                        
                                                                        
                                                                        
7   8   9                                                               
0   0   0                                                               
0   0   0                                                               
-1000   -2000   -1000                                                               
